# Created by Octave 4.2.2, Mon Mar 09 00:50:47 2020 CST <gerber@gerber>
# name: scaling_8k
# type: matrix
# rows: 5000
# columns: 2
 9.046573146303542 3.315234931358387
 5.418937511027631 4.061920616320462
 2.727059514756589 8.430238133631498
 2.753002949155619 7.149878063632771
 5.390489976550771 2.077378138724152
 8.122443568392741 19.46546610663298
 3.838803187998284 5.044169257822481
 1.818835743670287 1.284490749630973
 2.63288628390556 5.885065579582389
 5.518462957709565 5.996121655138321


# name: scaling16bit_8k
# type: matrix
# rows: 5000
# columns: 1
 0.05733721551486509
 0.05646287550053428
 0.07291134568320938
 0.05925139694807847
 0.06675292059530989
 0.09862159099360986
 0.06197570259869721
 0.05096485080275675
 0.0619919684393169
 0.06371996585662426

