# Created by Octave 4.2.2, Mon Mar 09 00:50:47 2020 CST <gerber@gerber>
# name: scaling_8k
# type: matrix
# rows: 5000
# columns: 2
 7.822647205306517 6.06254627901991
 3.150067714086875 1.733381841941219
 11.70808051300025 2.372720010703263
 3.648731516577942 4.004506675104824
 3.868899636160751 1.933436987017025
 4.851793249073377 2.214311045874181
 4.402515242790239 2.279783981382792
 6.996163251961493 3.736948823119373
 4.073060227478939 1.654016017320033
 2.598207856076898 2.164082109144517


# name: scaling16bit_8k
# type: matrix
# rows: 5000
# columns: 1
 0.08869923212533787
 0.04440075692923069
 0.04352916212786125
 0.06330693123105921
 0.06702215302662602
 0.06649502348853926
 0.07303584792692168
 0.07204639289148862
 0.06125273386882341
 0.04307767453222615

