# Created by Octave 4.2.2, Mon Mar 09 00:50:47 2020 CST <gerber@gerber>
# name: scaling_8k
# type: matrix
# rows: 5000
# columns: 2
 2.943013619382638 14.02315133453305
 13.9650803834916 8.164580210195084
 27.88881570315356 4.747331161262172
 1.3922779232143 8.57352548937255
 3.843886919944264 8.310654727493732
 2.653569963882841 6.09348681125809
 3.903069360171895 6.053514469322185
 51.72739350244854 24.6723345567073
 15.75886346869334 12.91482029566381
 10.82346695643505 38.07722374006684


# name: scaling16bit_8k
# type: matrix
# rows: 5000
# columns: 1
 0.07102041278396426
 0.08281441051631357
 0.05928189866150727
 0.04950360515042034
 0.066842638903974
 0.05715166262452607
 0.0721155734155924
 0.1168481200354307
 0.06812645351267096
 0.09613534786173239

